    254      0      2      MAR    2016
      1  99999   7510  44.83N  0.70W    45   2316
      2    500   2050   1880     45  99999      0
      3          LFBD                99999     kt
      9  10170     45     98     98    200     11
      4  10000    186     92     92    210     16
      5   9340    749  99999  99999    260     35
      4   9250    829     60     60    260     35
      4   8500   1519     26     25    275     36
      5   8370   1643     18     17  99999  99999
      5   8310   1701     28     27  99999  99999
      5   7160   2892    -15    -18  99999  99999
      4   7000   3079    -25    -28    305     39
      5   6770   3335  99999  99999    310     39
      5   6110   4121  99999  99999    300     15
      5   5510   4914  99999  99999    295     44
      4   5000   5660   -197   -202    295     47
      5   4590   6288   -241   -247  99999  99999
      5   4150   7014  99999  99999    295     54
      4   4000   7280   -311   -371    300     49
      5   3760   7705  99999  99999    305     44
      5   3650   7921   -357   -477  99999  99999
      5   3380   8449   -397   -497  99999  99999
      4   3000   9260   -455   -545    300     63
      4   2500  10450   -545   -615    295     79
      5   2050  11686  99999  99999    295     96
      4   2000  11840   -655   -704    295     93
      7   1880  12212   -687   -731    300     86
      5   1720  12743   -691   -731  99999  99999
      5   1570  13295   -631   -681  99999  99999
      5   1560  13333  99999  99999    310     66
      4   1500  13570   -633   -693    300     59
      5   1430  13862  99999  99999    290     49
      5   1320  14351  99999  99999    310     49
      5   1020  15923   -651   -771  99999  99999
      5   1010  15986  99999  99999    295     56
      4   1000  16050   -657   -777  99999  99999
      5    886  16779  99999  99999    295     49
      5    762  17688  99999  99999    300     67
      4    700  18200   -697   -847    300     56
      5    672  18442  99999  99999    300     52
      5    575  19362   -719   -899  99999  99999
      4    500  20200   -707   -937    300     64
      5    480  99999  99999  99999    300     66
      5    478  20466   -703   -963  99999  99999
    254      0      3      MAR    2016
      1  99999   7510  44.83N  0.70W    45   2315
      2   1500   2000   2390     42  99999      0
      3          LFBD                99999     kt
      9  10130     45     80     58    235      9
      5  10010    143     80     10  99999  99999
      4  10000    150     80     10    255     15
      5   9860    266     82     22  99999  99999
      5   9710    391  99999  99999    290     31
      4   9250    790     38     23    295     38
      5   9200    834     34     22  99999  99999
      5   8950   1055  99999  99999    300     42
      5   8740   1245  99999  99999    300     31
      5   8560   1411    -17    -20  99999  99999
      4   8500   1469    -23    -31    305     32
      5   8280   1676    -51    -88  99999  99999
      5   7740   2202    -59   -209  99999  99999
      5   7310   2646    -81   -231  99999  99999
      4   7000   2985   -107   -267    310     41
      5   5740   4473   -221   -401  99999  99999
      4   5000   5480   -279   -479    320     55
      5   4840   5708  99999  99999    320     56
      5   4490   6243   -325   -555  99999  99999
      5   4130   6826  99999  99999    320    105
      4   4000   7050   -375   -555    320    109
      5   3960   7119   -379   -549  99999  99999
      5   3680   7619   -413   -563  99999  99999
      5   3370   8214   -423   -563  99999  99999
      5   3050   8879  99999  99999    335    140
      4   3000   8990   -479   -589    335    140
      4   2500  10170   -567   -647    335    140
      5   2460  10271  99999  99999    335    140
      7   2390  10453   -589   -659    330    135
      5   2050  11415  99999  99999    325    108
      4   2000  11570   -587   -687    325    108
      5   1780  12303  99999  99999    320    106
      5   1750  12409  99999  99999    325    119
      4   1500  13380   -583   -773    315     91
      5   1420  99999  99999  99999    315     80
      5   1410  13768   -581   -821  99999  99999
      5   1140  15090   -621   -911    310     79
      5   1060  15538   -621   -911  99999  99999
    254      0      5      MAR    2016
      1  99999   7510  44.83N  0.70W    45   2329
      2    500   2000    535     56  99999      0
      3          LFBD                99999     kt
      9   9940     45     58     52    200      7
      4  10000     -3  99999  99999  99999  99999
      5   9790    169     56     10  99999  99999
      5   9530    388     54     22  99999  99999
      4   9250    635     36     20    275     18
      5   9020    838     18     12  99999  99999
      5   9010    846  99999  99999    305     22
      4   8500   1314    -19    -50    295     23
      5   8480   1333    -21    -54  99999  99999
      5   8150   1646    -47    -55  99999  99999
      4   7000   2827   -123   -165    260     27
      5   6970   2860   -125   -168  99999  99999
      5   6800   3042  99999  99999    255     28
      5   6390   3516   -169   -198  99999  99999
      5   5520   4592   -257   -266  99999  99999
      5   5200   5026  99999  99999    260     39
      4   5000   5310   -315   -327    255     41
      5   4380   6228   -397   -411  99999  99999
      5   4270   6401   -409   -424  99999  99999
      5   4260   6416  99999  99999    230     47
      5   4050   6756  99999  99999    235     59
      4   4000   6840   -411   -531    235     59
      5   3960   6908   -411   -551  99999  99999
      5   3820   7152   -411   -551  99999  99999
      7   3280   8173   -465   -615    245     60
      5   3240   8254  99999  99999    250     60
      4   3000   8770   -473   -623    250     54
      5   2560   9813  99999  99999    250     43
      4   2500   9970   -493   -653    255     43
      5   2020  11357   -515   -695  99999  99999
      4   2000  11430   -511   -691    265     44
      5   1850  11939  99999  99999    270     46
      5   1840  11976   -469   -659  99999  99999
      5   1720  12416  99999  99999    250     43
      7   1560  13052   -529   -729    270     49
      4   1500  13310   -523   -723    280     52
      5   1460  13484  99999  99999    285     54
      5   1310  14184  99999  99999    285     31
      5   1300  14238   -497   -727  99999  99999
      5   1220  14647  99999  99999    260     32
      5   1020  15804   -543   -853  99999  99999
      4   1000  15930   -539   -849    280     44
      5    780  17511  99999  99999    310     32
      5    734  17904   -553   -763  99999  99999
      4    700  18200   -561   -771    320     43
      5    689  18299  99999  99999    320     44
      5    599  19176  99999  99999    295     30
      7    535  19883   -615   -845    305     37
      4    500  20310   -605   -865    315     42
      5    499  99999  99999  99999    315     42
      5    444  21050   -591   -891  99999  99999
      5    327  22939   -643   -923    315     32
    254      0      6      MAR    2016
      1  99999   7510  44.83N  0.70W    45   2316
      2   1500   6010   3140     40  99999      0
      3          LFBD                99999     kt
      9  10030     45     44     34    215      2
      4  10000     71     44     27    220      2
      5   9890    161     46      4  99999  99999
      5   9740    285     48      9  99999  99999
      4   9250    704     14    -12    285     10
      5   8750   1147  99999  99999    335     16
      4   8500   1379    -41    -48    330     17
      5   8270   1594    -55    -56  99999  99999
      5   7200   2663   -125   -126  99999  99999
      4   7000   2883   -139   -143    310     27
      5   6930   2959   -143   -148  99999  99999
      5   6870   3026   -147   -172  99999  99999
      5   6380   3579   -185   -196    295     31
      5   6290   3684   -195   -237  99999  99999
      5   6010   4019   -223   -229  99999  99999
      5   5800   4278   -247   -367  99999  99999
      5   5400   4795   -257   -447  99999  99999
      5   5270   4971   -271   -491  99999  99999
      4   5000   5360   -299   -479    310     31
      5   4230   6521  99999  99999    320     31
      5   4200   6576   -393   -503  99999  99999
      4   4000   6910   -417   -507    320     30
      7   3140   8500   -547   -589    310     23
      4   3000   8790   -541   -591    305     22
      5   2790   9259  99999  99999    305     20
      4   2500   9970   -519   -659    305     25
      5   2470  10048  99999  99999    305     26
      5   2370  10315   -513   -723  99999  99999
      5   2300  10510  99999  99999    330     28
      5   2120  11040  99999  99999    295     27
      5   2010  11387   -493   -723  99999  99999
      4   2000  11420   -493   -723    315     28
      5   1930  11652  99999  99999    330     28
      4   1500  13300   -505   -765    300     27
      5   1470  99999  99999  99999    295     27
      5   1120  15194   -517   -837  99999  99999
    254      0      7      MAR    2016
      1  99999   7510  44.83N  0.70W    45   2315
      2    700   3510   2810     53  99999      0
      3          LFBD                99999     kt
      9  10020     45     60     45    185      7
      4  10000     61     60     38    185      7
      5   9900    143     58    -12  99999  99999
      5   9780    242     58     24  99999  99999
      5   9440    530  99999  99999    270     13
      4   9250    696     22     -1    270     14
      5   8940    969     -1    -18  99999  99999
      4   8500   1373    -27    -37    270     17
      5   8090   1762    -53    -56  99999  99999
      5   7020   2857   -123   -133  99999  99999
      4   7000   2888   -125   -135    265     26
      5   6630   3291  99999  99999    260     28
      5   6030   4013   -173   -192  99999  99999
      5   6000   4049  99999  99999    315     29
      4   5000   5390   -279   -308    300     28
      5   4570   6018  99999  99999    295     27
      5   4220   6576  99999  99999    315     31
      5   4100   6779   -389   -427  99999  99999
      4   4000   6950   -401   -440    305     42
      5   3950   7033  99999  99999    300     44
      5   3650   7554  99999  99999    285     38
      5   3510   7826   -471   -515  99999  99999
      5   3240   8349   -513   -545  99999  99999
      5   3230   8369  99999  99999    305     28
      5   3100   8634   -525   -552  99999  99999
      4   3000   8850   -533   -568    290     25
      5   2830   9224  99999  99999    280     23
      7   2810   9269   -549   -599    280     23
      5   2570   9842  99999  99999    320     26
      4   2500  10020   -527   -637    315     27
      5   2460  10124   -525   -645  99999  99999
      5   2210  10818   -505   -625  99999  99999
      4   2000  11470   -511   -651    300     33
      5   1970  11568  99999  99999    300     33
      5   1820  12082  99999  99999    320     32
      5   1650  12719  99999  99999    315     26
      5   1620  12833   -523   -683  99999  99999
      5   1590  12956  99999  99999    295     34
      4   1500  13340   -497   -667    310     34
      5   1470  13472   -491   -661  99999  99999
      5   1360  13974  99999  99999    335     34
      5   1220  14676  99999  99999    310     30
      5   1110  15285  99999  99999    325     29
      5   1050  15654   -531   -781  99999  99999
      4   1000  15960   -543   -813    305     30
      5    808  17322  99999  99999    320     26
      4    700  18240   -563   -793    315     27
      5    628  99999  99999  99999    310     28
      5    564  19603   -579   -879    280     23
    254      0      8      MAR    2016
      1  99999   7510  44.83N  0.70W    45   2315
      2   1000   1680   2490     46  99999      0
      3          LFBD                99999     kt
      9  10110     45     34    -10    235      3
      4  10000    136     52    -28    260      6
      5   9970    160     58    -42  99999  99999
      5   9660    415  99999  99999    345     16
      4   9250    767      4    -66    350     20
      5   8800   1163    -33    -83  99999  99999
      4   8500   1439    -53    -94    360     27
      5   8350   1576  99999  99999      5     29
      5   7930   1974  99999  99999    340     35
      5   7800   2105   -101   -118  99999  99999
      5   7490   2416   -107   -141  99999  99999
      5   7210   2708   -111   -371  99999  99999
      4   7000   2939   -129   -379    340     31
      5   6850   3103   -141   -391  99999  99999
      5   6550   3441   -147   -194  99999  99999
      5   6430   3580   -149   -191  99999  99999
      5   5800   4349   -205   -220  99999  99999
      5   5330   4970  99999  99999    330     22
      5   5160   5201   -269   -369  99999  99999
      4   5000   5440   -283   -383    335     24
      5   4200   6667   -361   -431  99999  99999
      4   4000   7010   -383   -463    355     29
      5   3880   7218   -395   -495  99999  99999
      5   3700   7536  99999  99999      5     31
      5   3290   8329   -453   -643  99999  99999
      4   3000   8940   -485   -675    360     67
      5   2730   9550  99999  99999    360     83
      4   2500  10120   -549   -729    355     75
      7   2490  10146   -551   -731    355     74
      4   2000  11540   -543   -743    350     54
      5   1680  12661  99999  99999    345     39
      5   1530  13262  99999  99999    315     23
      4   1500  13390   -535   -765    320     23
      5   1330  14158  99999  99999    340     23
      5   1300  14309   -529   -779  99999  99999
      5   1150  15089  99999  99999    295     10
      5   1030  15791   -573   -873  99999  99999
      4   1000  15980   -579   -879    290     29
      5    985  99999  99999  99999    290     34
      5    917  99999  99999  99999    320     19
      5    810  99999  99999  99999    320     31
      5    750  17790   -575   -875  99999  99999
    254      0      9      MAR    2016
      1  99999   7510  44.83N  0.70W    45   2315
      2    500   1830   2180     63  99999      0
      3          LFBD                99999     kt
      9  10130     45     62     58    180      6
      5  10010    142     68     21  99999  99999
      4  10000    156     68     21    200      8
      5   9890    247     74     31  99999  99999
      5   9430    636  99999  99999    280     19
      4   9250    794     32     12    285     18
      5   8660   1322     -9    -10  99999  99999
      5   8510   1461    -21    -22  99999  99999
      4   8500   1473    -21    -22    320     12
      5   8040   1912  99999  99999    345      9
      5   7730   2223    -35    -35  99999  99999
      5   7560   2398  99999  99999    315     24
      5   7050   2942    -77    -77  99999  99999
      5   7010   2986    -91   -141  99999  99999
      4   7000   3005    -89   -149    320     23
      5   6950   3061    -65   -255  99999  99999
      5   6650   3404    -77   -337  99999  99999
      5   6470   3616    -85   -295  99999  99999
      5   5970   4231   -139   -249  99999  99999
      5   5940   4268  99999  99999    330     22
      5   5300   5119   -217   -357  99999  99999
      5   5040   5486   -249   -295  99999  99999
      4   5000   5550   -253   -303    340     39
      5   4730   5950   -269   -369  99999  99999
      5   4580   6178  99999  99999    345     48
      5   4450   6386   -299   -519  99999  99999
      5   4070   7017  99999  99999    350     37
      4   4000   7140   -355   -505    350     39
      5   3880   7351   -371   -501  99999  99999
      5   3690   7695   -395   -440  99999  99999
      5   3100   8859   -493   -513  99999  99999
      4   3000   9080   -511   -535    350     68
      4   2500  10240   -605   -654    350     87
      5   2460  10340   -615   -665  99999  99999
      5   2400  10492  99999  99999    350     91
      7   2180  11082   -643   -713    350     70
      5   2040  11493   -579   -679  99999  99999
      4   2000  11620   -577   -687    350     54
      5   1830  12185  99999  99999    350     35
      5   1800  12285   -565   -725  99999  99999
      5   1560  13194   -549   -729  99999  99999
      4   1500  13450   -553   -733    330     24
      5   1490  13492  99999  99999    330     24
      5   1320  14259  99999  99999    325     44
      5   1200  14863  99999  99999    350     26
      5   1100  15415  99999  99999    325     25
      4   1000  16020   -583   -883    340     19
      5    951  16334  99999  99999    310     23
      5    771  17645  99999  99999    345     23
      4    700  18250   -595   -855    325     18
      5    613  19078  99999  99999    295     11
      5    580  19423  99999  99999    270     23
      5    552  19732  99999  99999    290     15
      4    500  20350   -605   -895    295     21
      5    487  20514   -605   -895  99999  99999
      5    476  99999  99999  99999    300     24
      5    459  99999  99999  99999    325     34
      5    421  99999  99999  99999    300     20
      5    419  21447   -611   -901  99999  99999
    254      0     10      MAR    2016
      1  99999   7510  44.83N  0.70W    45   2315
      2    300   1200    939     59  99999      0
      3          LFBD                99999     kt
      9  10040     45     66     19    205      4
      4  10000     79     68     18    205      5
      5   9900    161     68    -12  99999  99999
      5   9770    269     70      0  99999  99999
      4   9250    716     28    -22    285     19
      5   8870   1051  99999  99999    330     26
      5   8830   1088     -7    -46  99999  99999
      4   8500   1393    -29    -57    330     25
      5   7580   2285    -99   -102  99999  99999
      5   7340   2531   -119   -151  99999  99999
      5   7020   2870   -139   -229  99999  99999
      4   7000   2898   -139   -229    320     21
      5   6640   3296   -163   -223  99999  99999
      5   5940   4114  99999  99999    315     18
      5   5760   4340  99999  99999    335     24
      5   5560   4608   -239   -319  99999  99999
      5   5500   4687   -245   -285  99999  99999
      4   5000   5380   -295   -316    330     26
      5   4640   5907   -337   -344  99999  99999
      5   4260   6495  99999  99999    330     29
      5   4140   6694   -397   -477  99999  99999
      4   4000   6930   -413   -493    335     40
      5   3760   7345  99999  99999    335     50
      5   3750   7364   -441   -541  99999  99999
      5   3450   7920   -455   -585  99999  99999
      5   3420   7978  99999  99999    345     40
      5   3360   8096   -441   -581  99999  99999
      5   3160   8505   -457   -637  99999  99999
      4   3000   8860   -469   -649    350     48
      7   2910   9061   -477   -657    350     49
      5   2740   9459   -453   -643  99999  99999
      5   2700   9557  99999  99999    355     54
      4   2500  10070   -465   -655    355     53
      4   2000  11540   -489   -689    355     49
      5   1830  12120  99999  99999    355     47
      5   1600  12998  99999  99999    355     26
      4   1500  13420   -523   -743    350     27
      5   1200  14850  99999  99999    325     30
      5   1020  15881   -569   -829    345     17
      4   1000  16020   -571   -831    345     19
      5    942  16393  99999  99999    325     27
      7    939  16415   -591   -831    325     27
      5    831  17177  99999  99999    340     23
      5    714  18126  99999  99999    295     24
      4    700  18250   -611   -861    295     24
      5    596  19244  99999  99999    330     23
      5    568  19541  99999  99999    310     25
      5    504  20280  99999  99999    330     21
      4    500  20330   -635   -915    325     21
      5    496  20379   -637   -917  99999  99999
      5    428  21279  99999  99999    270     28
      5    381  21989  99999  99999    290     27
      5    330  22867  99999  99999    260     31
      4    300  23450   -673   -943  99999  99999
      5    291  23633   -675   -945  99999  99999
    254      0     11      MAR    2016
      1  99999   7510  44.83N  0.70W    45   2315
      2   1000   2000   2330     44  99999      0
      3          LFBD                99999     kt
      9  10170     45     68     64    310      4
      5  10050    142     64     25  99999  99999
      4  10000    182     62     35    335      9
      5   9950    223     60     45  99999  99999
      5   9780    363  99999  99999     10     16
      5   9530    574     44      4  99999  99999
      4   9250    817     24     -9     15     15
      4   8500   1494    -31    -45     25     13
      5   8100   1872    -63    -68  99999  99999
      5   7940   2028    -33   -113  99999  99999
      5   7810   2157  99999  99999     35     11
      5   7030   2978    -83   -293  99999  99999
      4   7000   3017    -83   -303     70     12
      5   6860   3173    -81   -351  99999  99999
      5   6730   3317  99999  99999     85     12
      5   6570   3506   -103   -223  99999  99999
      5   5620   4686   -187   -297  99999  99999
      5   5570   4752  99999  99999     30     23
      5   5340   5065   -199   -439  99999  99999
      5   5320   5093  99999  99999     45     28
      4   5000   5560   -237   -467     45     29
      4   4000   7150   -361   -581     35     34
      5   3770   7557   -395   -615  99999  99999
      5   3360   8324  99999  99999     25     38
      5   3270   8513   -465   -665  99999  99999
      4   3000   9080   -487   -697     20     78
      5   2960   9167  99999  99999     20     83
      4   2500  10270   -535   -745     25     91
      5   2390  10558  99999  99999     25     93
      7   2330  10720   -553   -753     25     90
      4   2000  11700   -553   -763     20     70
      5   1610  13080   -553   -783  99999  99999
      4   1500  13530   -561   -791     20     33
      5   1480  13614  99999  99999     20     31
      5   1380  14052  99999  99999    360     40
      5   1020  15952   -601   -861  99999  99999
      4   1000  16070   -603   -863    350     26
      5    848  99999  99999  99999    355     25
      5    813  99999  99999  99999    335     12
      5    723  18076   -625   -915  99999  99999
    254      0     12      MAR    2016
      1  99999   7510  44.83N  0.70W    45   2316
      2    500   2020    544     64  99999      0
      3          LFBD                99999     kt
      9  10210     45     82     42    350      4
      4  10000    221     68     19    360      7
      5   9600    553     38    -32  99999  99999
      5   9350    768  99999  99999     35     17
      4   9250    856     12    -35     35     17
      4   8500   1529    -47    -57     30     18
      5   8260   1753    -67    -67  99999  99999
      5   8150   1859     -5   -285  99999  99999
      5   7160   2882    -47   -257  99999  99999
      4   7000   3064    -59   -259     30     19
      5   6150   4061   -127   -287  99999  99999
      5   6120   4098  99999  99999     30     20
      5   6020   4223   -139   -339  99999  99999
      5   5860   4427   -139   -449  99999  99999
      5   5490   4921  99999  99999     15     43
      5   5480   4934   -141   -451  99999  99999
      5   5140   5415   -179   -479  99999  99999
      4   5000   5630   -195   -405     25     44
      5   4770   5977   -225   -365  99999  99999
      5   4680   6114  99999  99999     30     46
      5   4480   6433   -257   -347  99999  99999
      4   4000   7250   -313   -443     25     52
      5   3700   7796   -353   -543  99999  99999
      5   3420   8338   -391   -551  99999  99999
      4   3000   9230   -459   -579     15     63
      5   2560  10264   -539   -629  99999  99999
      5   2510  10385  99999  99999     10     70
      4   2500  10410   -551   -641     10     70
      5   2180  11263  99999  99999     10     54
      7   2160  11326   -625   -715     10     56
      5   2020  11737  99999  99999    355     70
      4   2000  11800   -629   -729    355     68
      5   1890  12151  99999  99999     15     53
      5   1850  12278   -633   -733  99999  99999
      5   1760  12589  99999  99999    350     47
      5   1680  12876   -587   -707  99999  99999
      5   1600  13182  99999  99999     15     41
      4   1500  13590   -599   -739    355     40
      5   1440  13844   -605   -745  99999  99999
      5   1410  13976  99999  99999    335     40
      5   1340  14295   -571   -731  99999  99999
      5   1180  15087  99999  99999     20     34
      5   1140  15300   -635   -815  99999  99999
      5   1030  15926   -609   -869  99999  99999
      4   1000  16120   -617   -907    350     34
      5    917  16649  99999  99999    355     27
      5    782  17623   -659   -939  99999  99999
      5    728  18060  99999  99999    325     15
      4    700  18300   -639   -919    310     28
      5    684  18439  99999  99999    305     35
      5    676  18513   -633   -913  99999  99999
      5    615  19082  99999  99999    330     23
      5    567  19571  99999  99999    305     12
      7    544  19827   -687   -957    300     17
      5    515  20151  99999  99999    290     23
      4    500  20330   -691   -961    290     24
      5    433  99999  99999  99999    305     26
      5    415  99999  99999  99999    275     32
      5    321  99999  99999  99999    290     33
      5    319  22988   -721   -981  99999  99999
    254      0     13      MAR    2016
      1  99999   7510  44.83N  0.70W    45   2315
      2    700   1790   2060     54  99999      0
      3          LFBD                99999     kt
      9  10210     45     62     37    310      3
      4  10000    218     78     -2    350      9
      5   9920    284     84    -16  99999  99999
      5   9780    400  99999  99999     30     15
      4   9250    856     34    -26     30     18
      5   8550   1485    -25    -50  99999  99999
      4   8500   1535    -23    -73     35     23
      5   8420   1610    -21   -121  99999  99999
      5   8290   1734      8   -372  99999  99999
      5   7990   2027  99999  99999     35     26
      5   7860   2160     10   -310  99999  99999
      4   7000   3081    -55   -305     40     21
      5   6660   3461  99999  99999     40     19
      5   6310   3883   -115   -315  99999  99999
      5   5780   4553   -121   -581  99999  99999
      5   5480   4957   -151   -251  99999  99999
      4   5000   5650   -205   -335     30     27
      5   4490   6434   -267   -437  99999  99999
      5   4110   7064   -319   -399  99999  99999
      4   4000   7260   -335   -425     20     34
      5   3790   7635   -367   -477  99999  99999
      5   3480   8221   -395   -545  99999  99999
      5   3130   8934   -459   -579  99999  99999
      4   3000   9210   -477   -587     10     42
      4   2500  10400   -557   -637    360     47
      5   2430  10580   -571   -641  99999  99999
      5   2320  10865  99999  99999    360     49
      7   2060  11605   -643   -743    360     36
      4   2000  11780   -637   -747    360     33
      5   1980  11842  99999  99999    360     32
      5   1790  12466  99999  99999     10     35
      5   1680  12858  99999  99999    345     31
      5   1640  13005   -597   -817  99999  99999
      4   1500  13560   -597   -817    350     30
      5   1290  14501   -593   -833  99999  99999
      5   1270  14597  99999  99999    360     29
      5   1140  15267  99999  99999    340     11
      5   1120  15376   -629   -879  99999  99999
      5   1090  15544  99999  99999    310     22
      5   1020  15953   -607   -897  99999  99999
      4   1000  16080   -613   -903    340     27
      5    941  16451  99999  99999      5     24
      5    874  16902  99999  99999    330     22
      5    838  17159  99999  99999    355     20
      5    768  17690   -673   -943  99999  99999
      5    723  18054   -657   -937  99999  99999
      4    700  18260   -661   -941    360     19
      5    641  99999  99999  99999    360     19
      5    592  99999  99999  99999    315     22
      5    518  20059   -711   -971    315     23
    254      0     14      MAR    2016
      1  99999   7510  44.83N  0.70W    45   2342
      2   1500   2650   2520     52  99999      0
      3          LFBD                99999     kt
      9  10160     45     60     25    345      4
      5  10040    142     56    -34  99999  99999
      4  10000    177     56     -4     10     10
      5   9950    218     54     15  99999  99999
      5   9730    400     46     -4  99999  99999
      5   9590    518     54     -6  99999  99999
      5   9530    569  99999  99999     75     27
      5   9280    784     36    -44  99999  99999
      4   9250    813     34    -46     80     24
      4   8500   1493    -17    -54     90     17
      5   8240   1738    -35    -60  99999  99999
      5   7900   2068    -61   -103  99999  99999
      5   7800   2167  99999  99999    100      9
      5   7670   2299    -57   -157  99999  99999
      5   7480   2495    -67   -257  99999  99999
      5   7180   2813    -81   -211  99999  99999
      4   7000   3014    -99   -199     95     19
      5   6900   3124   -109   -199  99999  99999
      5   6070   4089   -195   -275  99999  99999
      5   5800   4426   -205   -285  99999  99999
      5   5720   4527   -207   -417  99999  99999
      5   5500   4816   -215   -285  99999  99999
      4   5000   5520   -265   -395     75     49
      5   4590   6131   -309   -569  99999  99999
      5   4490   6284  99999  99999     70     59
      4   4000   7090   -379   -519     70     57
      5   3910   7246   -391   -521  99999  99999
      5   3440   8111   -445   -575  99999  99999
      5   3380   8229  99999  99999     65     56
      4   3000   9030   -479   -619     60     38
      5   2650   9839  99999  99999     55     19
      7   2520  10165   -525   -675     45     27
      4   2500  10220   -525   -675     45     28
      5   2440  10376  99999  99999     40     32
      5   2330  10670  99999  99999     55     24
      5   2030  11554  99999  99999     15     12
      4   2000  11650   -549   -719     10     16
      5   1950  11812  99999  99999    360     23
      5   1920  11910   -553   -733  99999  99999
      5   1830  12219  99999  99999     35     23
      5   1750  12506  99999  99999     10     23
      5   1680  12769  99999  99999     30     23
      5   1630  12956   -533   -743  99999  99999
      5   1590  13118  99999  99999      5     12
      4   1500  13500   -563   -793     20     18
      5   1460  99999  99999  99999     25     21
      5   1400  13934   -587   -827  99999  99999
      5   1240  14695   -583   -883      5     19
    254      0     15      MAR    2016
      1  99999   7510  44.83N  0.70W    45   2315
      2    300   2790    502     76  99999      0
      3          LFBD                99999     kt
      9  10150     45     70     40    290      1
      5  10020    151     86      6  99999  99999
      4  10000    166     88      8    325      4
      5   9830    308    110     30  99999  99999
      5   9690    427    114     44  99999  99999
      5   9500    592  99999  99999     95     13
      4   9250    815     78     29     95     14
      5   8670   1342     28      4  99999  99999
      4   8500   1504     16    -13    110     17
      5   8020   1962  99999  99999    115     19
      5   7470   2526    -59   -129  99999  99999
      5   7070   2953    -91   -121  99999  99999
      4   7000   3037    -97   -138     55      8
      5   6870   3181   -109   -169  99999  99999
      5   6620   3457  99999  99999     30      4
      5   6600   3487   -123   -263  99999  99999
      5   6320   3816   -139   -269  99999  99999
      5   6050   4145   -165   -295  99999  99999
      5   6010   4195   -169   -249  99999  99999
      5   5730   4550   -197   -242  99999  99999
      5   5650   4654   -205   -285  99999  99999
      5   5370   5027   -233   -262  99999  99999
      5   5220   5233   -251   -341  99999  99999
      5   5110   5387   -263   -287  99999  99999
      4   5000   5550   -275   -291     85     21
      5   4970   5593   -279   -293  99999  99999
      5   4860   5753   -287   -347  99999  99999
      5   4780   5871   -293   -323  99999  99999
      5   4630   6094  99999  99999    100     26
      5   4580   6174   -307   -341  99999  99999
      5   4120   6914   -365   -408  99999  99999
      4   4000   7120   -381   -461     95     30
      5   3890   7311   -397   -537  99999  99999
      5   3520   7985   -447   -527  99999  99999
      5   3330   8351  99999  99999     95     34
      5   3270   8473   -483   -573  99999  99999
      4   3000   9040   -505   -605    105     25
      5   2920   9214  99999  99999    105     23
      5   2790   9509  99999  99999     80     10
      7   2700   9721   -533   -653     70     10
      4   2500  10220   -537   -677     50     11
      5   2260  10866  99999  99999     20     12
      5   2130  11245   -545   -735  99999  99999
      5   2080  11397  99999  99999    105     10
      4   2000  11650   -549   -749     80      8
      5   1940  11844   -551   -751  99999  99999
      5   1870  12079   -529   -739  99999  99999
      5   1740  12540  99999  99999      0      0
      5   1540  13321  99999  99999    305     16
      4   1500  13490   -569   -779    330     14
      5   1400  13918  99999  99999     30     10
      5   1080  15531  99999  99999    250     13
      5   1010  15945   -643   -883  99999  99999
      4   1000  16010   -643   -883    265     12
      5    990  16070  99999  99999    300     16
      5    857  16939  99999  99999    265     20
      7    758  17679   -695   -925    270     21
      4    700  18160   -703   -933    275     22
      5    651  18589  99999  99999    245     14
      5    598  19091  99999  99999    280     20
      5    575  19323  99999  99999    255      7
      7    502  20113   -737   -987    240     20
      4    500  20150   -737   -987    240     21
      5    460  20641  99999  99999    230     29
      5    410  21319  99999  99999    250     24
      5    387  21659  99999  99999    220     24
      5    368  21955  99999  99999    255     18
      5    349  22267  99999  99999    225     24
      5    311  22935   -709   -969  99999  99999
      4    300  23160   -701   -961    235     25
      5    258  99999  99999  99999    240     26
      5    256  24108   -667   -937  99999  99999
    254      0     16      MAR    2016
      1  99999   7510  44.83N  0.70W    45   2315
      2    500   2500    798     59  99999      0
      3          LFBD                99999     kt
      9  10140     45     86     50    310      3
      5  10010    151     92     42  99999  99999
      4  10000    161     92     32    335      8
      5   9770    353     82    -18  99999  99999
      5   9710    403  99999  99999     25     18
      4   9250    803     62    -18      5     20
      5   8930   1089     48    -22  99999  99999
      4   8500   1491     16    -34    335     22
      5   8290   1689  99999  99999    325     23
      5   8210   1768     -7    -49  99999  99999
      5   8000   1974    -23   -113  99999  99999
      5   7620   2358    -31   -351  99999  99999
      5   7370   2621    -35   -275  99999  99999
      5   7020   3008  99999  99999     30     22
      5   7010   3014    -59   -229  99999  99999
      4   7000   3031    -59   -229     30     22
      5   6670   3406    -81   -341  99999  99999
      5   6300   3845   -109   -138  99999  99999
      5   5870   4378  99999  99999     10     25
      5   5500   4872   -173   -177  99999  99999
      4   5000   5590   -217   -223     20     22
      5   4850   5813   -231   -238  99999  99999
      5   4630   6150   -255   -293  99999  99999
      5   4290   6692  99999  99999     30     20
      4   4000   7190   -341   -362     35     30
      5   3720   7679  99999  99999     40     41
      5   3630   7859   -399   -411  99999  99999
      5   3090   8935   -487   -516  99999  99999
      4   3000   9130   -501   -533     40     41
      5   2550  10171   -577   -627  99999  99999
      4   2500  10300   -581   -641     45     42
      5   2310  10795  99999  99999     45     42
      5   2170  11187  99999  99999     40     26
      7   2140  11269   -613   -703     40     26
      5   2050  11537   -581   -681  99999  99999
      4   2000  11700   -585   -695     25     25
      5   1890  12054   -595   -725  99999  99999
      5   1780  12431   -561   -731  99999  99999
      4   1500  13510   -579   -759    330     24
      5   1370  14076  99999  99999    310     23
      5   1020  15910   -621   -871  99999  99999
      4   1000  16040   -627   -877    310     21
      5    829  17176  99999  99999    275     22
      7    798  17410   -679   -879    290     22
      5    781  17536  99999  99999    295     22
      5    732  17928  99999  99999    265     21
      5    702  18181   -663   -863  99999  99999
      4    700  18200   -663   -863    280     19
      5    680  18374  99999  99999    290     18
      5    561  19528  99999  99999    250      7
      4    500  20220   -699   -959    260     15
      5    486  99999  99999  99999    265     17
      5    484  20413   -701   -961  99999  99999
      5    419  99999  99999  99999    220     22
      5    417  21302   -677   -947  99999  99999
    254      0     17      MAR    2016
      1  99999   7510  44.83N  0.70W    45   2315
      2    700   3000   2660     44  99999      0
      3          LFBD                99999     kt
      9  10150     45     64      4    315      2
      5  10030    142     56    -64  99999  99999
      4  10000    169     54    -56    340      4
      5   9940    218     50    -20  99999  99999
      5   9500    584  99999  99999     70      9
      4   9250    800      6    -42     60      7
      4   8500   1472    -47    -71     20      3
      5   8140   1805  99999  99999      0      0
      5   7640   2298   -115   -115  99999  99999
      4   7000   2967   -147   -148    325     13
      5   6990   2978   -147   -148  99999  99999
      5   6630   3364  99999  99999    310     18
      5   6410   3627   -181   -213  99999  99999
      5   6030   4079   -215   -275  99999  99999
      5   5710   4477   -245   -258  99999  99999
      5   5120   5259   -307   -311  99999  99999
      4   5000   5430   -319   -346    320     43
      5   4810   5699  99999  99999    320     47
      5   4730   5818   -351   -451  99999  99999
      4   4000   6980   -381   -491    325     44
      5   3780   7367   -391   -501  99999  99999
      4   3000   8930   -451   -571    335     40
      7   2660   9726   -481   -601    340     39
      4   2500  10140   -487   -617    340     38
      5   2050  11438  99999  99999    345     35
      4   2000  11600   -503   -643    340     34
      5   1850  12107   -509   -659  99999  99999
      5   1580  13132  99999  99999    310     26
      4   1500  13470   -545   -705    325     26
      5   1350  14130  99999  99999    355     27
      5   1110  15356  99999  99999    300     21
      5   1030  15835   -609   -839  99999  99999
      4   1000  16010   -619   -869    325     19
      5    912  16576  99999  99999    345     19
      5    795  17419   -639   -839  99999  99999
      5    791  17449  99999  99999      0      0
      5    747  17797   -671   -871  99999  99999
      4    700  18200   -667   -887    310      7
      5    610  99999  99999  99999    250     14
      5    608  19052   -657   -937  99999  99999
    254      0     18      MAR    2016
      1  99999   7510  44.83N  0.70W    45   2316
      2    500   4480   1460     60  99999      0
      3          LFBD                99999     kt
      9  10170     45     58     30     95      3
      4  10000    186     58     24     85      3
      5   9700    434     58     13  99999  99999
      4   9250    823     28    -32     45      5
      4   8500   1501    -21   -121    355      6
      5   8430   1566    -27   -127  99999  99999
      5   8020   1954  99999  99999    325      7
      5   7850   2126    -69   -119  99999  99999
      5   7700   2276    -75   -215  99999  99999
      5   7530   2448    -83   -183  99999  99999
      5   7380   2603    -91   -251  99999  99999
      4   7000   3016   -123   -213    210     18
      5   6550   3506  99999  99999    155     23
      5   6460   3621   -175   -202  99999  99999
      5   6090   4060   -187   -317    130     39
      5   5740   4497   -219   -349  99999  99999
      5   5530   4769   -241   -272  99999  99999
      5   5370   4982  99999  99999    145     46
      5   5270   5118   -265   -435  99999  99999
      4   5000   5500   -295   -465    135     44
      5   4570   6133   -345   -505  99999  99999
      5   4480   6272  99999  99999    125     42
      5   4230   6676  99999  99999    135     24
      4   4000   7070   -363   -533     35      6
      5   3930   7190  99999  99999      0      0
      5   3660   7683   -377   -557  99999  99999
      5   3410   8162  99999  99999    275     24
      5   3160   8681   -431   -601  99999  99999
      5   3080   8853  99999  99999    285     40
      4   3000   9030   -445   -625    290     37
      5   2630   9903  99999  99999    300     20
      4   2500  10240   -497   -677    290     31
      5   2430  10426   -505   -685  99999  99999
      5   2390  10532  99999  99999    285     41
      5   2070  11466  99999  99999    300     24
      4   2000  11690   -517   -707    300     25
      5   1730  12626   -525   -725  99999  99999
      4   1500  13540   -567   -777    310     37
      7   1460  13710   -577   -787    310     33
      5   1350  14200  99999  99999    315     21
      5   1340  14251   -563   -783  99999  99999
      5   1210  14888  99999  99999    295     27
      5   1040  15834  99999  99999    320     23
      5   1010  16021   -613   -863  99999  99999
      4   1000  16080   -613   -863    310     21
      5    924  16567  99999  99999    315     14
      5    797  17479  99999  99999    320     23
      5    706  18220   -639   -859  99999  99999
      4    700  18280   -637   -857    330     15
      5    660  18643  99999  99999    335     11
      5    602  19211  99999  99999    275     17
      5    528  20011   -621   -911  99999  99999
      4    500  20360   -607   -897     10     10
      5    475  99999  99999  99999     40      8
      5    405  99999  99999  99999    250      7
      5    404  21698   -559   -869  99999  99999
    254      0     19      MAR    2016
      1  99999   7510  44.83N  0.70W    45   2315
      2    200   2330   2340     58  99999      0
      3          LFBD                99999     kt
      9  10120     45     90     70     90      4
      4  10000    148     92     56     95      6
      5   9670    426     96      6  99999  99999
      4   9250    793     68      8    110     22
      5   9210    828  99999  99999    110     23
      4   8500   1481     14    -13    105     24
      5   7980   1983    -27    -32  99999  99999
      5   7960   2002  99999  99999    100     25
      5   7270   2714    -65    -69  99999  99999
      4   7000   3014    -93   -116    120     26
      5   6690   3352  99999  99999    125     27
      5   6540   3533   -145   -205  99999  99999
      5   6120   4026  99999  99999     95     30
      5   6000   4179   -181   -251  99999  99999
      5   5730   4521   -201   -391  99999  99999
      5   5440   4905  99999  99999    100     22
      5   5090   5397  99999  99999    355      3
      4   5000   5530   -239   -379    335     10
      5   4970   5574   -241   -381  99999  99999
      5   4750   5898  99999  99999    275     32
      5   4610   6119   -261   -286  99999  99999
      5   4380   6486   -293   -433  99999  99999
      4   4000   7130   -349   -489    270     34
      5   3690   7685   -399   -539  99999  99999
      5   3330   8371  99999  99999    260     37
      5   3160   8722   -485   -615  99999  99999
      4   3000   9070   -497   -544    260     30
      5   2660   9848  99999  99999    260     21
      4   2500  10250   -539   -659    240     15
      7   2340  10672   -553   -733    210      8
      5   2330  10698  99999  99999    210      8
      4   2000  11670   -543   -723    250     11
      5   1810  12309   -537   -737  99999  99999
      5   1770  12453  99999  99999    280     13
      4   1500  13520   -559   -769    270     16
      5   1360  14136  99999  99999    260     18
      5   1180  15028  99999  99999    295     19
      5   1010  16004   -603   -863  99999  99999
      4   1000  16070   -603   -863    270     17
      5    913  16639  99999  99999    260     18
      4    700  18300   -593   -813    320     13
      5    665  18621  99999  99999    335     12
      5    519  20176  99999  99999    105      5
      4    500  20410   -585   -885    105      7
      5    484  20614   -585   -885  99999  99999
      5    424  21454  99999  99999    110     18
      5    376  22216  99999  99999     70     24
      5    311  23430   -517   -837  99999  99999
      4    300  23650   -519   -839    105     23
      5    289  23891  99999  99999    110     23
      5    243  25011  99999  99999     60     23
      4    200  26270   -537   -847     70     30
      5    192  99999  99999  99999     75     32
      5    191  26565   -539   -849  99999  99999
    254      0     20      MAR    2016
      1  99999   7510  44.83N  0.70W    45   2316
      2    500   1830   2870     49  99999      0
      3          LFBD                99999     kt
      9  10080     45    122     75      0      0
      4  10000    115    120     73    285      2
      5   9700    369  99999  99999    185     11
      5   9510    533    110     64  99999  99999
      4   9250    767     92     46    160      7
      5   8730   1241  99999  99999    125      2
      4   8500   1461     38     -8    105     11
      5   8460   1499     36    -10  99999  99999
      5   8340   1612  99999  99999     85     17
      5   8000   1948      0     -3  99999  99999
      5   7800   2149    -17    -67  99999  99999
      5   7400   2565  99999  99999    110     31
      5   7290   2681    -61    -79  99999  99999
      4   7000   3005    -61    -62    100     16
      5   6980   3026  99999  99999    100     15
      5   6960   3050    -61    -61  99999  99999
      5   6320   3782  99999  99999     90     22
      5   5740   4526   -157   -164  99999  99999
      5   5110   5396  99999  99999    130     13
      4   5000   5560   -239   -252    125     14
      4   4000   7140   -371   -390     85     25
      5   3870   7367   -391   -411  99999  99999
      5   3500   8035  99999  99999    105     32
      4   3000   9060   -533   -559     80     35
      5   2910   9253  99999  99999     80     36
      7   2870   9343   -559   -586     80     35
      4   2500  10220   -547   -592    110     23
      5   2250  10899  99999  99999    130     13
      5   2100  11336   -531   -601  99999  99999
      4   2000  11660   -533   -613    170     15
      5   1830  12226  99999  99999    205     16
      5   1780  12401  99999  99999    170      2
      5   1720  12619  99999  99999    125      8
      5   1600  13087   -549   -709  99999  99999
      4   1500  13490   -555   -715    205      5
      5   1300  14393  99999  99999    285      2
      5   1160  15112  99999  99999    230     15
      5   1010  15988   -583   -823  99999  99999
      4   1000  16050   -583   -823    320      5
      4    700  18300   -575   -835    345      7
      5    531  20049  99999  99999     60      7
      4    500  20430   -567   -867     60      8
      5    498  20455   -567   -867  99999  99999
      5    415  99999  99999  99999     65     13
      5    413  21642   -553   -863  99999  99999
    254      0     21      MAR    2016
      1  99999   7510  44.83N  0.70W    45   2315
      2   1000   3190   2430     53  99999      0
      3          LFBD                99999     kt
      9  10110     45    104     95    345      3
      4  10000    137    106     92    355      4
      5   9880    237    106     85  99999  99999
      5   9470    587     86     44  99999  99999
      4   9250    784     76     38     65     15
      5   9190    837  99999  99999     75     16
      5   8900   1099     58     26  99999  99999
      5   8570   1407  99999  99999     65      4
      4   8500   1476     30      4     60      4
      5   7790   2167  99999  99999     20      7
      5   7120   2876    -75    -79  99999  99999
      5   7070   2931    -69    -74  99999  99999
      4   7000   3016    -73    -80     70      7
      5   6620   3436  99999  99999    100      7
      5   6470   3623   -107   -130  99999  99999
      5   6430   3671   -109   -179  99999  99999
      5   6070   4109   -143   -160  99999  99999
      5   5460   4900   -203   -206  99999  99999
      5   5120   5374  99999  99999     55     15
      5   5010   5529   -253   -363  99999  99999
      4   5000   5550   -255   -355     60     14
      5   4780   5874   -281   -303  99999  99999
      5   4550   6226   -309   -469  99999  99999
      5   4500   6302  99999  99999     85     11
      5   4370   6509   -333   -352  99999  99999
      4   4000   7130   -383   -402     75     23
      5   3970   7182   -387   -406  99999  99999
      5   3600   7844   -439   -458  99999  99999
      5   3420   8183  99999  99999     65     39
      5   3380   8263   -473   -503  99999  99999
      5   3190   8645   -469   -509  99999  99999
      5   3010   9026   -501   -621  99999  99999
      4   3000   9050   -503   -613     85     13
      5   2940   9180  99999  99999     85      9
      4   2500  10230   -553   -673    115      8
      7   2430  10410   -561   -681    100      8
      5   2230  10957  99999  99999     55      7
      4   2000  11650   -551   -691    350     10
      5   1670  12803  99999  99999    235     16
      5   1660  12839   -541   -701  99999  99999
      5   1550  13279  99999  99999    275      5
      4   1500  13490   -551   -721    265     10
      5   1440  13748  99999  99999    245     16
      5   1160  15118  99999  99999    320     12
      5   1020  15926   -587   -847  99999  99999
      4   1000  16060   -587   -847    275      9
      5    842  17134   -597   -817  99999  99999
      5    705  99999  99999  99999    260     15
      5    701  18285   -565   -865  99999  99999
    254      0     22      MAR    2016
      1  99999   7510  44.83N  0.70W    45   2315
      2    200   2360   2140     67  99999      0
      3          LFBD                99999     kt
      9  10090     45     82     35    360      6
      4  10000    121     78     -2     15     10
      5   9960    154     78    -22  99999  99999
      5   9670    396  99999  99999     60     23
      5   9410    618     58      8  99999  99999
      4   9250    761     66    -54     50     18
      5   9190    814     70    -90  99999  99999
      5   9040    949     78    -82  99999  99999
      4   8500   1454     40   -110     35      8
      5   8140   1798  99999  99999     25      3
      5   7700   2245    -19   -149  99999  99999
      5   7560   2390    -31   -101  99999  99999
      5   7330   2633    -49   -139  99999  99999
      4   7000   3000    -73   -203     70     13
      5   6980   3022    -73   -203  99999  99999
      5   6810   3213    -85   -155  99999  99999
      5   6720   3313  99999  99999     85     16
      5   6100   4055   -141   -321  99999  99999
      5   6070   4091  99999  99999     60     18
      5   5820   4409   -167   -237  99999  99999
      4   5000   5540   -243   -413     85     28
      5   4980   5569   -245   -425  99999  99999
      5   4830   5786  99999  99999     90     30
      4   4000   7130   -357   -527     90     37
      5   3670   7722   -399   -569  99999  99999
      5   3650   7758  99999  99999     85     40
      5   3180   8684   -467   -627  99999  99999
      4   3000   9070   -487   -657     85     28
      4   2500  10250   -549   -709     85     17
      5   2360  10611  99999  99999     85     14
      7   2140  11229   -601   -771     75     20
      5   2040  11526  99999  99999     70     23
      4   2000  11650   -585   -765     85     23
      5   1780  12391  99999  99999    160     21
      5   1640  12907   -541   -741  99999  99999
      4   1500  13480   -559   -759      0      0
      5   1360  14098  99999  99999    240      9
      5   1320  14286   -583   -793  99999  99999
      5   1020  15903   -585   -825  99999  99999
      4   1000  16040   -583   -823    235     10
      5    977  16186  99999  99999    240     11
      5    725  18068  99999  99999    230     26
      4    700  18290   -567   -807    265     24
      5    674  18530  99999  99999    305     22
      5    636  18899  99999  99999    280     23
      5    605  19216  99999  99999    305     21
      5    522  20155  99999  99999    275     14
      4    500  20430   -551   -861    300     10
      5    497  20468   -551   -861  99999  99999
      5    455  21031  99999  99999      0      0
      5    446  21160   -537   -847  99999  99999
      5    421  21528  99999  99999    215     17
      5    389  22031   -565   -875  99999  99999
      5    346  22779  99999  99999      0      0
      5    315  23378  99999  99999    130     14
      4    300  23690   -511   -831    105     11
      5    279  24162   -497   -827  99999  99999
      5    247  24948  99999  99999      0      0
      5    217  25783  99999  99999     40     18
      5    213  25903   -549   -859  99999  99999
      4    200  26310   -535   -855     80     17
      5    184  99999  99999  99999    120     15
      5    176  27134   -511   -831     85     14
    254      0     23      MAR    2016
      1  99999   7510  44.83N  0.70W    45   2316
      2    300   2000   2160     63  99999      0
      3          LFBD                99999     kt
      9  10040     45     80     30    345      5
      4  10000     84     80     30    350      6
      5   9570    445     76     -4  99999  99999
      5   9520    488  99999  99999     55     23
      4   9250    726     56     -4     40     17
      5   8590   1326  99999  99999    360      3
      4   8500   1411      6    -23      5      4
      5   8310   1591     -9    -29  99999  99999
      5   8100   1795      2   -128  99999  99999
      5   7450   2459    -31   -291  99999  99999
      5   7240   2684    -35   -425  99999  99999
      5   7110   2827    -37   -427  99999  99999
      5   7030   2919  99999  99999     60     21
      4   7000   2955    -45   -435     60     21
      5   6350   3713    -93   -443  99999  99999
      5   5950   4211   -125   -173  99999  99999
      5   5660   4590   -149   -195  99999  99999
      5   5470   4847   -165   -255  99999  99999
      5   5180   5253   -197   -257  99999  99999
      4   5000   5520   -219   -369     75     27
      5   4960   5579   -223   -403  99999  99999
      4   4000   7120   -349   -479     90     31
      5   3720   7620   -391   -511  99999  99999
      5   3520   7996   -417   -462     95     33
      5   3240   8547  99999  99999     75     37
      5   3200   8634   -459   -492  99999  99999
      4   3000   9060   -487   -537     70     37
      5   2920   9237   -499   -569  99999  99999
      4   2500  10230   -569   -649     70     38
      7   2160  11139   -635   -725     65     38
      4   2000  11610   -619   -729     65     22
      5   1890  11965  99999  99999     60      9
      5   1610  12965   -567   -757  99999  99999
      4   1500  13420   -551   -751    355     11
      5   1440  13681   -541   -741  99999  99999
      5   1270  14479  99999  99999    310     12
      5   1110  15335  99999  99999    340     19
      5   1040  15750  99999  99999    295      5
      5   1020  15872   -571   -831  99999  99999
      4   1000  16000   -573   -833    300      7
      5    845  17062  99999  99999    355     14
      5    726  18013   -585   -845  99999  99999
      5    721  18057  99999  99999    335     15
      4    700  18250   -573   -833    345     11
      5    642  18805  99999  99999      0      0
      5    621  19012   -529   -809  99999  99999
      5    586  19386  99999  99999    290     11
      5    504  20358  99999  99999      0      0
      4    500  20410   -541   -851    320      2
      5    491  20527  99999  99999    225      8
      5    461  20929   -545   -855  99999  99999
      5    423  21487  99999  99999    345     19
      5    407  21732   -503   -823  99999  99999
      5    394  21943  99999  99999     65      5
      4    300  23720   -511   -831     15      1
      5    275  99999  99999  99999      0      0
      5    239  99999  99999  99999     95     13
      5    225  99999  99999  99999      0      0
      5    224  25611   -519   -839  99999  99999
    254      0     24      MAR    2016
      1  99999   7510  44.83N  0.70W    45   2315
      2    700   1780   2130     54  99999      0
      3          LFBD                99999     kt
      9  10120     45     80     49    305      1
      4  10000    142     88      8    335      5
      5   9940    192     92     -8  99999  99999
      5   9700    392  99999  99999     55     15
      4   9250    783     48    -12     25     17
      5   8580   1388      2    -19  99999  99999
      4   8500   1466     12    -58    335     20
      5   8390   1570  99999  99999    330     21
      5   8360   1599     30   -270  99999  99999
      5   8080   1874     32   -268  99999  99999
      5   7780   2176  99999  99999      5     14
      5   7550   2416  99999  99999     25     24
      5   7250   2739    -27   -327  99999  99999
      5   7030   2982    -43   -183  99999  99999
      4   7000   3022    -45   -165     25     25
      5   6900   3135    -49   -139  99999  99999
      5   6620   3459    -63   -273  99999  99999
      4   5000   5580   -235   -295     20     30
      5   4910   5712   -247   -297  99999  99999
      4   4000   7180   -347   -627     15     34
      5   3970   7232   -351   -681  99999  99999
      5   3590   7924   -399   -649  99999  99999
      5   3130   8843   -473   -663  99999  99999
      4   3000   9130   -489   -669     10     38
      5   2830   9507  99999  99999     10     39
      4   2500  10310   -555   -695     10     49
      5   2410  10542   -569   -709  99999  99999
      7   2130  11314   -615   -755     15     64
      5   2020  11638  99999  99999     15     69
      4   2000  11700   -609   -749     15     68
      5   1780  12424   -597   -757  99999  99999
      5   1730  12604  99999  99999     10     50
      5   1700  12713   -563   -733  99999  99999
      5   1550  13301  99999  99999     35     33
      4   1500  13510   -583   -763     25     28
      5   1430  13809  99999  99999     10     20
      5   1360  14123   -597   -787  99999  99999
      5   1320  14310  99999  99999     35     28
      5   1260  14601  99999  99999    350     27
      5   1140  15228  99999  99999     15     31
      5   1070  15626  99999  99999    350     29
      4   1000  16050   -591   -891     10     31
      5    907  16663   -571   -781  99999  99999
      5    882  16838  99999  99999     35     23
      5    776  17640   -601   -821  99999  99999
      5    718  18129  99999  99999     35      9
      4    700  18290   -583   -823     30     11
      5    617  99999  99999  99999    355     21
      5    602  99999  99999  99999     20     21
      5    600  19263   -555   -865  99999  99999
    254      0     25      MAR    2016
      1  99999   7510  44.83N  0.70W    45   2316
      2    300   1290   1680     58  99999      0
      3          LFBD                99999     kt
      9  10150     45     72     63    205      3
      5  10020    151     94     52  99999  99999
      4  10000    173     94     52    240      7
      5   9800    338  99999  99999    290     12
      4   9250    813     38     18    280     13
      5   8870   1150      8     -2  99999  99999
      5   8750   1259      4     -3  99999  99999
      5   8700   1305     24     -9  99999  99999
      4   8500   1497     34   -156    270     15
      5   8480   1516     34   -176  99999  99999
      5   8190   1795  99999  99999    265     16
      5   7890   2097     18   -282  99999  99999
      5   7730   2261     14   -116  99999  99999
      5   7630   2365     10   -290  99999  99999
      5   7110   2928     -7   -307  99999  99999
      4   7000   3057    -13   -313    290     19
      5   6930   3137    -17   -317  99999  99999
      5   6560   3570    -39    -50  99999  99999
      5   5580   4821  99999  99999    335     23
      4   5000   5670   -151   -165    330     24
      5   4790   5992   -169   -184  99999  99999
      5   4170   7013   -247   -264  99999  99999
      4   4000   7330   -271   -293    320     25
      5   3740   7799  99999  99999    315     26
      5   3370   8537   -367   -416  99999  99999
      5   3130   9045   -389   -418  99999  99999
      4   3000   9340   -411   -448    320     49
      5   2950   9451  99999  99999    320     50
      5   2560  10395   -495   -565  99999  99999
      4   2500  10550   -507   -577    320     53
      4   2000  11970   -623   -683    325     54
      5   1710  12906  99999  99999    325     56
      7   1680  13021   -713   -773    325     54
      4   1500  13690   -691   -751    335     35
      5   1460  13855  99999  99999    335     30
      5   1440  13934   -683   -743  99999  99999
      5   1380  14196  99999  99999    340     39
      5   1290  14601   -629   -709  99999  99999
      5   1250  14796  99999  99999    345     22
      5   1140  15367  99999  99999    330     26
      5   1060  15818  99999  99999    355     24
      5   1030  15987   -617   -777  99999  99999
      4   1000  16180   -617   -807    340     21
      4    700  18400   -593   -753    350     13
      5    538  20058  99999  99999    350      9
      4    500  20520   -573   -833      5     12
      5    485  20712   -571   -871  99999  99999
      5    444  21270  99999  99999     35     18
      5    394  22026  99999  99999    125      9
      5    321  23321  99999  99999      0      0
      4    300  23750   -557   -867    340      7
      5    275  99999  99999  99999    320     17
      5    257  99999  99999  99999    350     20
      5    256  24758   -553   -863  99999  99999
    254      0     26      MAR    2016
      1  99999   7510  44.83N  0.70W    45   2315
      2    300   1910    867     69  99999      0
      3          LFBD                99999     kt
      9  10170     45    108    108    185      6
      5  10030    160    102     78  99999  99999
      4  10000    185    100     84    190      7
      5   9950    226     98     97  99999  99999
      4   9250    830     68     67    230     12
      5   9050   1008     58     57  99999  99999
      5   9000   1053     66     65  99999  99999
      5   8590   1437  99999  99999    270     16
      5   8580   1442     42    -68  99999  99999
      4   8500   1524     52    -88    270     16
      5   8400   1620     64   -136  99999  99999
      5   8120   1896     50   -190  99999  99999
      5   8020   1997     46    -54  99999  99999
      5   7810   2212     34   -176  99999  99999
      4   7000   3094    -13   -283    230     17
      5   6660   3478  99999  99999    220     17
      5   6250   3986    -59   -439  99999  99999
      5   5290   5263   -161   -441  99999  99999
      5   5160   5449   -177   -317  99999  99999
      5   5050   5609   -189   -449  99999  99999
      4   5000   5690   -195   -455    240     14
      5   4490   6477   -261   -491  99999  99999
      5   4390   6639   -267   -367    245     13
      5   4190   6974   -279   -539  99999  99999
      5   4060   7202  99999  99999    285     23
      4   4000   7310   -307   -547    285     24
      5   3690   7876   -357   -577  99999  99999
      5   3440   8357   -399   -529  99999  99999
      4   3000   9280   -471   -521    290     44
      5   2830   9662   -503   -534  99999  99999
      5   2650  10086   -537   -579  99999  99999
      5   2620  10159  99999  99999    290     54
      4   2500  10460   -553   -603    290     65
      5   2310  10955  99999  99999    290     86
      5   2160  11381   -597   -697  99999  99999
      4   2000  11860   -619   -719    290     83
      7   1940  12048   -627   -727    290     82
      5   1910  12148  99999  99999    290     82
      5   1530  13536  99999  99999    290     41
      4   1500  13660   -569   -709    285     44
      5   1440  13917  99999  99999    280     55
      5   1410  14052   -555   -705  99999  99999
      5   1350  14326  99999  99999    295     44
      5   1280  14662  99999  99999    270     44
      5   1200  15078   -551   -741  99999  99999
      5   1190  15130  99999  99999    275     36
      5   1080  15737  99999  99999    280     50
      5   1010  16164   -597   -857  99999  99999
      4   1000  16220   -599   -859    290     29
      5    998  16232  99999  99999    300     27
      7    867  17102   -629   -879    260     23
      5    860  17154  99999  99999    255     23
      5    717  18281  99999  99999    300     26
      4    700  18430   -615   -865    295     25
      5    649  18899  99999  99999    285     20
      5    526  20204  99999  99999    240     11
      4    500  20520   -595   -895    310      5
      5    499  20532   -595   -895  99999  99999
      5    481  20764  99999  99999      0      0
      5    420  21621  99999  99999    245      8
      5    371  22405  99999  99999     25      9
      5    308  23583  99999  99999    135     10
      4    300  23750   -565   -865    125      9
      5    276  99999  99999  99999     90      5
      5    274  24324   -561   -871  99999  99999
    254      0     27      MAR    2016
      1  99999   7510  44.83N  0.70W    45   2315
      2   1500   2330   2110     46  99999      0
      3          LFBD                99999     kt
      9  10100     45     98     90    255      8
      5  10020    111     92     42  99999  99999
      4  10000    131     90     46    260     14
      5   9920    197     86     71  99999  99999
      5   9560    500  99999  99999    285     40
      4   9250    771     34     22    280     42
      5   8970   1018     12      2  99999  99999
      4   8500   1452     -5    -13    275     44
      5   8220   1718  99999  99999    270     47
      5   7960   1972    -27    -32  99999  99999
      5   7400   2552  99999  99999    230     29
      5   7260   2699    -29    -32  99999  99999
      5   7010   2976    -45    -46  99999  99999
      4   7000   2994    -45    -46    215     46
      5   6710   3319  99999  99999    205     59
      5   5600   4715   -137   -146  99999  99999
      5   5330   5092  99999  99999    220     52
      5   5030   5517   -211   -223  99999  99999
      4   5000   5580   -213   -225    225     62
      5   4670   6072  99999  99999    230     73
      5   4590   6206   -239   -254  99999  99999
      5   4350   6595   -269   -300  99999  99999
      5   4240   6779   -283   -363  99999  99999
      4   4000   7190   -315   -375    225     74
      5   3510   8098   -387   -414  99999  99999
      5   3090   8960  99999  99999    225     76
      4   3000   9160   -475   -508    225     78
      5   2550  10209   -567   -607  99999  99999
      4   2500  10330   -573   -614    230     92
      5   2330  10771  99999  99999    230     97
      7   2110  11389   -613   -662    235     97
      5   2010  11698  99999  99999    235     97
      4   2000  11730   -599   -649    235     95
      5   1860  12184   -581   -641  99999  99999
      5   1820  12321  99999  99999    235     63
      5   1660  12895   -599   -669  99999  99999
      5   1630  13011  99999  99999    240     67
      5   1600  13126   -563   -633  99999  99999
      5   1520  13455  99999  99999    240     49
      4   1500  13540   -563   -643    240     50
      5   1380  99999  99999  99999    250     63
      5   1170  15115   -559   -669    245     44
    254      0     28      MAR    2016
      1  99999   7510  44.83N  0.70W    45   2315
      2    700   2000   2080     47  99999      0
      3          LFBD                99999     kt
      9  10040     45    120     20    135     11
      4  10000     77    120     20    135     12
      5   9510    495    122    -28  99999  99999
      5   9310    673  99999  99999    205     42
      4   9250    728    102     -8    205     41
      5   8530   1395  99999  99999    225     32
      4   8500   1424     42      2    230     32
      5   8100   1812      8     -3  99999  99999
      5   7930   1981     -5    -16  99999  99999
      5   7260   2685  99999  99999    265     54
      4   7000   2976    -43    -57    265     54
      5   6550   3496    -61    -76  99999  99999
      4   5000   5560   -193   -212    260     44
      5   4780   5886  99999  99999    260     44
      4   4000   7180   -303   -324    265     53
      5   3890   7377   -317   -337  99999  99999
      5   3410   8290   -399   -419  99999  99999
      5   3270   8574   -419   -440  99999  99999
      4   3000   9160   -461   -486    270     66
      4   2500  10350   -547   -581    275     75
      7   2080  11500   -635   -679    280     84
      4   2000  11730   -627   -676    280     86
      5   1990  11761  99999  99999    280     86
      5   1870  12144   -615   -665  99999  99999
      5   1750  12552   -639   -699  99999  99999
      5   1650  12916   -587   -657  99999  99999
      5   1630  12993  99999  99999    275     40
      4   1500  13520   -583   -663    270     49
      5   1370  14090  99999  99999    270     57
      5   1210  14871  99999  99999    275     38
      5   1010  16010   -569   -729  99999  99999
      4   1000  16070   -569   -729    270     36
      5    922  16584  99999  99999    285     31
      5    852  17084  99999  99999    270     15
      5    809  17405   -579   -819  99999  99999
      5    762  17787  99999  99999    225     25
      5    720  18149  99999  99999    260     28
      4    700  18330   -549   -819    255     19
      5    689  18431   -545   -815  99999  99999
      5    676  99999  99999  99999    250      8
      5    613  99999  99999  99999    215     20
      5    547  99999  99999  99999    280     10
      5    544  19931   -569   -869  99999  99999
    254      0     29      MAR    2016
      1  99999   7510  44.83N  0.70W    45   2316
      2    500   1180   1950     64  99999      0
      3          LFBD                99999     kt
      9  10100     45    112     91    195      5
      4  10000    129    110     87    200      6
      5   9830    271    108     82  99999  99999
      5   9460    588     82     48  99999  99999
      5   9260    763     68    -22  99999  99999
      4   9250    776     68    -22    245     17
      5   8930   1063     46    -34  99999  99999
      5   8750   1228  99999  99999    275     24
      5   8740   1237     40    -30  99999  99999
      4   8500   1465     32     17    260     28
      5   8470   1494     30     21  99999  99999
      5   8210   1742  99999  99999    245     32
      5   7430   2539    -31    -51  99999  99999
      5   7030   2973    -57   -277  99999  99999
      4   7000   3011    -59   -279    250     42
      4   5000   5570   -219   -459    260     63
      5   4610   6161   -259   -499  99999  99999
      5   4390   6512   -281   -311  99999  99999
      4   4000   7170   -325   -354    270     78
      5   3870   7396  99999  99999    270     80
      5   3430   8234   -399   -427  99999  99999
      5   3250   8600   -413   -457  99999  99999
      5   3210   8683  99999  99999    280    108
      4   3000   9140   -457   -527    275    105
      5   2800   9595   -493   -593  99999  99999
      4   2500  10330   -553   -633    275     97
      5   2390  10615   -579   -649  99999  99999
      5   2210  11104   -603   -653  99999  99999
      5   2160  11245  99999  99999    270     90
      4   2000  11720   -633   -703    270    104
      7   1950  11876   -641   -711    270    109
      5   1940  11910  99999  99999    270    110
      5   1740  12591  99999  99999    270     59
      5   1700  12726   -579   -699  99999  99999
      5   1590  13149  99999  99999    270     73
      4   1500  13520   -569   -739    270     67
      5   1480  13605   -569   -759  99999  99999
      5   1180  15041   -551   -781  99999  99999
      5   1140  15259  99999  99999    275     37
      5   1070  15660  99999  99999    255     49
      5   1020  15964   -575   -835  99999  99999
      4   1000  16090   -577   -837    270     32
      5    993  16134  99999  99999    270     30
      5    956  16373  99999  99999    255     36
      5    843  17166  99999  99999    300     31
      5    809  17427   -567   -787  99999  99999
      5    788  17592  99999  99999    280     12
      5    763  17795   -593   -833  99999  99999
      5    754  17870  99999  99999    260     22
      5    722  18144  99999  99999    280     26
      4    700  18340   -569   -809    275     20
      5    671  18608   -557   -797  99999  99999
      5    669  18626  99999  99999    265     10
      5    641  18895  99999  99999    230     13
      5    622  19087   -583   -843  99999  99999
      4    500  20460   -575   -875    300     11
      5    489  99999  99999  99999    310     11
      5    356  99999  99999  99999    185     12
      5    340  99999  99999  99999    300      3
      5    339  22914   -563   -873  99999  99999